1439984776 51
1439984786 51
1439984796 51
1439984806 51
1439984816 51
1439984826 51
1439984836 2034
1439984847 51
1439984856 51
1439984866 51
1439984876 51
1439984886 51
1439984896 51
1439984907 51
1439984917 51
1439984926 2034
1439984927 51
1439984937 51
1439984947 51
1439984957 51
1439984967 2034
1439984977 51
1439984987 2034
1439984997 51
1439985007 51
1439985017 51
1439985027 51
1439985037 2034
1439985047 51
1439985057 51
1439985067 51
1439985077 2034
1439985087 51
1439985097 51
1439985108 51
1439985118 51
1439985128 51
1439985138 51
1439985148 51
1439985158 2034
1439985168 51
1439985178 51
1439985188 51
1439985198 51
1439985208 2034
1439985209 51
1439985218 51
1439985228 51
1439985238 51
1439985248 2034
1439985258 51
1439985269 51
1439985279 51
1439985289 51
1439985299 51
1439985309 51
1439985319 51
1439985329 2034
1439985340 51
1439985349 51
1439985359 51
1439985369 51
1439985379 2034
1439985389 51
1439985399 51
1439985410 51
1439985420 51
1439985430 51
1439985440 51
1439985450 51
1439985460 51
1439985470 2034
1439985480 51
1439985490 51
1439985501 51
1439985510 51
1439985521 51
1439985531 51
1439985541 51
1439985551 51
1439985561 51
1439985571 51
1439985581 51
1439985591 51
1439985602 51
1439985611 51
1439985621 51
1439985631 2034
1439985641 51
1439985651 51
1439985661 51
1439985672 51
1439985682 2034
1439985692 51
1439985702 2034
1439985712 51
1439985722 51
1439985732 51
1439985742 51
1439985752 2034
1439985762 51
1439985773 2034
1439985783 51
1439985793 2034
1439985803 51
1439985813 51
1439985823 51
1439985833 2034
1439985843 51
1439985853 51
1439985863 2034
1439985864 51
1439985873 51
1439985883 51
1439985894 51
1439985903 51
1439985914 2034
1439985923 51
1439985934 2034
1439985944 51
1439985954 51
1439985964 2034
1439985975 51
1439985984 51
1439985994 51
1439986004 2034
1439986014 51
1439986024 51
1439986035 51
1439986044 2034
1439986054 51
1439986064 2034
1439986065 51
1439986075 51
1439986085 2034
1439986095 51
1439986105 51
1439986115 51
1439986125 51
1439986135 51
1439986145 51
1439986155 51
1439986165 51
1439986175 2034
1439986185 51
1439986196 51
1439986205 51
1439986215 51
1439986225 51
1439986236 2034
1439986246 2034
1439986256 51
1439986266 2034
1439986276 2034
1439986286 2034
1439986296 51
1439986306 51
1439986316 51
1439986327 51
1439986336 51
1439986346 51
1439986356 51
1439986367 51
1439986377 51
1439986387 51
1439986397 2034
1439986407 2034
1439986417 51
1439986427 51
1439986437 51
1439986447 51
1439986457 51
1439986467 2034
1439986477 2034
1439986478 51
1439986488 51
1439986497 2034
1439986498 51
1439986508 51
1439986518 51
1439986528 2034
1439986538 51
1439986548 51
1439986558 51
1439986568 51
1439986578 51
1439986588 51
1439986598 51
1439986608 2034
1439986609 51
1439986618 2034
1439986619 51
1439986628 51
1439986638 51
1439986648 51
1439986658 51
1439986669 51
1439986679 51
1439986688 51
1439986699 2034
1439986709 51
1439986719 51
1439986729 2034
1439986739 51
1439986749 51
1439986759 2034
1439986769 51
1439986779 51
1439986789 51
1439986799 51
1439986809 2034
1439986819 51
1439986829 51
1439986840 51
1439986849 51
1439986859 2034
1439986860 51
1439986870 51
1439986880 51
1439986890 2034
1439986900 51
1439986910 51
1439986920 2034
1439986930 51
1439986940 51
1439986950 51
1439986960 2034
1439986970 2034
1439986971 51
1439986981 51
1439986990 51
1439987000 51
1439987011 51
1439987020 51
1439987021 2034
1439987031 51
1439987041 51
1439987051 2034
1439987061 51
1439987071 51
1439987081 51
1439987091 2034
1439987101 51
1439987112 51
1439987121 51
1439987131 51
1439987141 2034
1439987152 2034
1439987162 51
1439987172 2034
1439987181 2034
1439987182 51
1439987192 51
1439987202 51
1439987212 2034
1439987222 2034
1439987232 51
1439987242 2034
1439987252 51
1439987263 2034
1439987264 51
1439987272 51
1439987282 51
1439987292 51
1439987302 51
1439987312 51
1439987322 51
1439987332 51
1439987342 51
1439987352 2034
1439987363 2034
1439987373 51
1439987383 2034
1439987393 2034
1439987403 51
1439987413 2034
1439987423 51
1439987433 51
1439987443 51
1439987453 2034
1439987463 51
1439987473 51
1439987483 51
1439987493 51
1439987503 51
1439987513 51
1439987523 51
1439987533 51
1439987543 51
1439987553 2034
1439987563 51
1439987574 51
1439987584 51
1439987594 51
1439987604 51
1439987614 51
1439987624 51
1439987634 51
1439987644 51
1439987655 51
1439987664 2034
1439987674 51
1439987684 51
1439987695 2034
1439987705 51
1439987714 2034
1439987715 51
1439987725 2034
1439987735 51
1439987745 51
1439987755 51
1439987765 51
1439987775 51
1439987786 2034
1439987795 51
1439987805 2034
1439987806 51
1439987815 51
1439987826 51
1439987835 51
1439987846 2034
1439987856 2034
1439987866 51
1439987876 51
1439987886 2034
1439987896 51
1439987906 51
1439987916 51
1439987926 2034
1439987936 51
1439987946 51
1439988006 2034
1439988067 51
